especie,nomes
Begonia obscura,Begonia obscura
