especie,nomes
Podostemum weddellianum,Podostemum weddellianum
Podostemum weddellianum,Mniopsis weddelliana
Podostemum weddellianum,Castelnavia fruticulosa
Podostemum weddellianum,Crenias weddelliana
