"record_id","modified","institutionCode","collectionCode","catalogNumber","basisOfRecord","kingdom","phylum","order","family","genus","specificEpithet","scientificName","scientificNameAuthorship","identifiedBy","recordedBy","recordNumber","year","month","day","continentOcean","country","stateProvince","county","locality","decimalLongitude","decimalLatitude","minimumElevationInMeters","maximumElevationInMeters","preparationType","occurrenceRemarks","barcode","imagecode","yearIdentified","monthIdentified","dayIdentified","verbatimLongitude","verbatimLatitude","coordinatePrecision","geoFlag","typeStatus","fieldNumber","class","relatedCatalogItem"
"1","2021-03-15 16:37:00-03","NY","NYBG","374883","PreservedSpecimen","Plantae","Magnoliophyta","Ericales","Sapotaceae","Chrysophyllum","januariense","Chrysophyllum januariense","Eichler","T. D. Pennington","S. C. de Sant'Ana","184","1992","02","06","South America","Brazil","Bahia","Ilhéus","Area do CEPEC (Centro de Pesquisas do Cacau), km 22 da Rodovia Ilhéus/Itabuna (BR 415). Regiao de Mata Higrófila Sul Baiana. Quadra D","-39.22095","-14.7739696","50","50","sheet","<a href='http://sweetgum.nybg.org/science/vh/specimen_details.php?irn=733721' target='other'> <mi>dwc_moreinfo</mi></a>","NY00374883","NY00374883_01",NA,NA,NA,NA,NA,NA,NA,NA,NA,NA,NA
"2","2021-03-15 16:37:00-03","NY","NYBG","374881","PreservedSpecimen","Plantae","Magnoliophyta","Ericales","Sapotaceae","Chrysophyllum","januariense","Chrysophyllum januariense","Eichler","T. D. Pennington","J. G. Jardim","1239","1998","01","15","South America","Brazil","Bahia","Almadina","Rod. Almadina/Ibitupa, entrada ca. 5 km W da sede do município. Fazenda Cruzeiro do Sul. Serra do Sete-paus; ca. 8 km da entrada. Area do Inventário Florestal e Fitossociológico","-39.6961","-14.735",NA,NA,"sheet","<a href='http://sweetgum.nybg.org/science/vh/specimen_details.php?irn=733722' target='other'> <mi>dwc_moreinfo</mi></a>","NY00374881","NY00374881_01",NA,NA,NA,NA,NA,NA,NA,NA,NA,NA,NA
"3","2021-03-15 16:37:00-03","NY","NYBG","374882","PreservedSpecimen","Plantae","Magnoliophyta","Ericales","Sapotaceae","Chrysophyllum","januariense","Chrysophyllum januariense","Eichler","T. D. Pennington","B. D. Sucre","8655","1972","03","12","South America","Brazil","Espírito Santo","Linhares","Reserva Florestal de Linhares, Canto Grande, Zona 2, Talha 203, Docemade","-39.961174","-19.138199","37","37","sheet","<a href='http://sweetgum.nybg.org/science/vh/specimen_details.php?irn=733720' target='other'> <mi>dwc_moreinfo</mi></a>","NY00374882","NY00374882_01",NA,NA,NA,NA,NA,NA,NA,NA,NA,NA,NA
"4","2021-03-15 16:37:00-03","NY","NYBG","1921398","PreservedSpecimen","Plantae","Magnoliophyta","Ericales","Sapotaceae","Chrysophyllum","januariense","Chrysophyllum januariense","Eichler",NA,"A. F. M. Glaziou","2558",NA,NA,NA,"South America","Brazil","Rio de Janeiro",NA,"Cosme velho à Larangeirras.",NA,NA,NA,NA,"sheet","<a href='http://sweetgum.nybg.org/science/vh/specimen_details.php?irn=2277024' target='other'> <mi>dwc_moreinfo</mi></a>","NY01921398","NY01921398_01",NA,NA,NA,NA,NA,NA,NA,NA,NA,NA,NA
"5","2021-03-15 16:37:00-03","NY","NYBG","1921396","PreservedSpecimen","Plantae","Magnoliophyta","Ericales","Sapotaceae","Chrysophyllum","januariense","Chrysophyllum januariense","Eichler",NA,"A. F. M. Glaziou","1055",NA,NA,NA,"South America","Brazil","Rio de Janeiro",NA,"Cosme velho à Larangeirras.",NA,NA,NA,NA,"sheet","<a href='http://sweetgum.nybg.org/science/vh/specimen_details.php?irn=2277015' target='other'> <mi>dwc_moreinfo</mi></a>","NY01921396","NY01921396_01",NA,NA,NA,NA,NA,NA,NA,NA,NA,NA,NA
"6","2020-08-11 00:16:44-03","UFBA","ALCB","86911","PreservedSpecimen","Plantae","Dicotyledon",NA,"Sapotaceae","Chrysophyllum","januariense","Chrysophyllum januariense","Eichler","Carneiro, CE; Santos, RCSL","Jesus, NG de; Santos, JB dos; Santana, I; Santos, IS","PL0262","1998","01","07","Southern America","Brasil","Bahia","Entre Rios","Litoral Norte, RPPN Lontra/Saudade","-38.083333","-11.933333",NA,NA,NA,"13 m. tronco ereto, casca fina alva. Folhas simples, alternas, bordo liso, ápice acunheado, faces adaxial lisa e brilhante, abaxial pilosa, ferrugínea. Flores isoladas, não vistosas. Espécie rara.",NA,NA,"2017","03","24","-38.083333","-11.933333",NA,NA,NA,NA,NA,NA
"7","2020-08-11 00:16:44-03","UFBA","ALCB","48802","PreservedSpecimen","Plantae","Dicotyledon",NA,"Sapotaceae","Chrysophyllum","januariense","Chrysophyllum januariense","Eichler","Guedes, ML","Jesus, NG de","1105","2000","01","16","Southern America","Brasil","Bahia","Entre Rios","Litoral Norte, RPPN Fazenda Lontra/Saudade","-40.215556","-12.915278","150","150",NA,"10,0 m x 0,30 m; casca marrom, estriada. Folhas cartáceas, discolores. Inflorescência axilar, botões esverdeados.",NA,NA,"2020","08","05","-40.215556","-12.915278",NA,NA,NA,NA,NA,NA
"8","2020-08-11 00:16:44-03","UFBA","ALCB","48803","PreservedSpecimen","Plantae","Dicotyledon",NA,"Sapotaceae","Chrysophyllum","januariense","Chrysophyllum januariense","Eichler","Carneiro, CE; Santos, RCSL","Jesus, NG de; Santos, JB dos; Silva, IS","1057","1999","12","11","Southern America","Brasil","Bahia","Entre Rios","Litoral Norte, RPPN Fazenda Lontra/Saudade","-40.215556","-12.915278","150","150",NA,"tronco com casca cinza-claro; ramos novos tomentosos. Folhas tomentosas, ferrugíneas, discolores, semi-coriáceas, estípulas diminutas. Botões axilares.",NA,NA,"2017","03","24","-40.215556","-12.915278",NA,NA,NA,NA,NA,NA
"9","2020-11-04 11:19:37-03","ESALQ","ESA","115456","PreservedSpecimen","Plantae","Magnoliophyta",NA,"Sapotaceae","Chrysophyllum","januariense","Chrysophyllum januariense",NA,"Carnier, F.E.","Lima, D.F.","221.0","2011","04","17",NA,"Brasil","Espírito Santo","Linhares",NA,"-40.0722007751465","-19.3910999298096",NA,NA,NA,NA,"ESA115456",NA,NA,NA,NA,NA,NA,"48094","auto",NA,NA,NA,NA
"10","2021-01-14 15:33:33-03","MN","R","42954","PreservedSpecimen","Plantae",NA,NA,"Sapotaceae","Chrysophyllum","januariense","Chrysophyllum januariense","Eichler","Cronquist, A.","Glaziou, A.F.M.",NA,NA,NA,NA,NA,"Brasil","Rio de Janeiro","Rio de Janeiro",NA,"-43.2075004577637","-22.9027996063232",NA,NA,NA,"Herb. J. de Saldanha, 5061","R000042954","R000042954_001","1946",NA,NA,NA,NA,"57442","auto",NA,NA,NA,NA
"11","2020-12-20 21:19:25-03","UFV","VIC","018219","PreservedSpecimen","Plantae",NA,NA,"Sapotaceae","Chrysophyllum","januariense","Chrysophyllum januariense","Eichler",NA,"Ana Luiza","41","1995","10","19",NA,"Brasil","Bahia",NA,"FLONA Rio Preto",NA,NA,NA,NA,NA,"Altura de 8 m, P41 n°41.","VIC018219","VIC018219",NA,NA,NA,NA,NA,NA,NA,NA,NA,NA,NA
"12","2020-12-20 21:19:25-03","UFV","VIC","018571","PreservedSpecimen","Plantae",NA,NA,"Sapotaceae","Chrysophyllum","januariense","Chrysophyllum januariense","Eichler",NA,"Simonelli, M.; Folli, D.A.","672","1997","06","12",NA,"Brasil","Espírito Santo","Linhares","Reserva Florestal de Linhares","-40.0722007751465","-19.3910999298096",NA,NA,NA,"Planta de cerca de 5,5 m de altura, frutos e flores esverdeados, látex branco.","VIC018571",NA,NA,NA,NA,NA,NA,"48094","auto",NA,NA,NA,NA
"13","2021-03-24 17:10:01-03","UFES","SAMES","5359","PreservedSpecimen","Plantae",NA,NA,"Sapotaceae","Chrysophyllum","januariense","Chrysophyllum januariense","Eichler","Ribeiro,M.","Ribeiro,M.; Almeida,T.R.R.","546","2011","06","05",NA,"Brasil","Espírito Santo","Conceição da Barra","Reserva Biológica do Córrego Grande. Floresta Alta de Tabuleiro, km 5 a 6 da estrada interna.","-39.7322006225586","-18.5932998657227",NA,NA,NA,"Com tricomas ferrugíneos de textura aveludada nos ramos, face abaxial da folha e botões (este último com cor verde claro). Fruto verde claro, com látex leitoso. Habito: Árvore","SAMES05359",NA,"2011","10","13","-398050000.0","-182625000.0","41644","auto",NA,NA,NA,NA
"14","2021-03-24 17:10:01-03","UFES","SAMES","5360","PreservedSpecimen","Plantae",NA,NA,"Sapotaceae","Chrysophyllum","januariense","Chrysophyllum januariense","Eichler","Alves-Araújo,A.","Giaretta,A.O.; Figueiredo,D.D.;Lobão,A.Q.;Menezes,L.F.T.","454","2009","02","12",NA,"Brasil","Espírito Santo","Conceição da Barra","Reserva Biológica do Córrego Grande. Matal alta de tabuleiro.","-39.7322006225586","-18.5932998657227",NA,NA,NA,"Com flores albo e sépalas ferrugíneas. Habito: Árvore","SAMES05360",NA,NA,NA,NA,"-398050000.0","-182625000.0","41644","auto",NA,NA,NA,NA
"15","2019-06-27 10:26:49-03","UFES","VIES","39989","S","Plantae",NA,NA,"Sapotaceae","Chrysophyllum","januariense","Chrysophyllum januariense","Eichler",NA,"Gomes, J.M.L.","3988","2012","10","14",NA,"Brasil","Espírito Santo","Presidente Kennedy","Mata de Restinga.","-41.0466995239258","-21.0988998413086",NA,NA,NA,NA,"VIES039989","VIES039989",NA,NA,NA,NA,NA,"24088","auto",NA,NA,NA,NA
"16","2019-06-27 10:26:49-03","UFES","VIES","24718","S","Plantae",NA,NA,"Sapotaceae","Chrysophyllum","januariense","Chrysophyllum januariense","Eichler",NA,"Kollmann, L.; Berger, M.V.S.; Ribeiro, R.","5856","2002","12","17",NA,"Brasil","Espírito Santo","Santa Maria de Jetibá","Belém, terreno de Paulo Seik (área 1).","-40.7461013793945","-20.040599822998","700","700",NA,NA,"VIES024718","VIES024718",NA,NA,NA,NA,NA,"31867","auto",NA,NA,NA,NA
"17","2019-12-06 19:30:18-03","UFES","VIES","41506","S","Plantae",NA,NA,"Sapotaceae","Chrysophyllum","januariense","Chrysophyllum januariense","Eichler","Wandekoken, D.T.","Wandekoken, D.T.; Musso, C.","356","2018","10","11",NA,"Brasil","Espírito Santo","Vila Velha","Parque Municipal de Jacarenema. Floresta não inundável de restinga antropizada.","-40.318056","-20.398611",NA,NA,NA,NA,"VIES041506","VIES041506","2018",NA,NA,"40º19'5''W","20º23'55''S",NA,NA,NA,NA,NA,NA
"18","2020-04-27 16:11:38-03","UFES","VIES","19830","S","Plantae",NA,NA,"Sapotaceae","Chrysophyllum","januariense","Chrysophyllum januariense","Eichler","Fabris, L.C.","Fabris, L.C.; Assis, A.M.","860","2008","05","14",NA,"Brasil","Espírito Santo","Guarapari","Parque Estadual Paulo César Vinha.","-40.5110015869141","-20.6580009460449",NA,NA,NA,NA,"VIES019830","VIES019830","2008","05","14",NA,NA,"28401","auto",NA,NA,NA,NA
"19","2020-04-27 16:11:38-03","UFES","VIES","13856","S","Plantae",NA,NA,"Sapotaceae","Chrysophyllum","januariense","Chrysophyllum januariense","Eichler","Assis, A.M.","Assis, A.M.; Almeida, R.","628","1998","09","09",NA,"Brasil","Espírito Santo","Guarapari","Parque Estadual Paulo César Vinha.","-40.5110015869141","-20.6580009460449",NA,NA,NA,NA,"VIES013856","VIES013856","1998","09","09",NA,NA,"28401","auto",NA,NA,NA,NA
"20","2020-04-27 16:11:38-03","UFES","VIES","13854","S","Plantae",NA,NA,"Sapotaceae","Chrysophyllum","januariense","Chrysophyllum januariense","Eichler","Fabris, L.C.","Fabris, L.C.; Monteiro, M.G.","708","1992","09","24",NA,"Brasil","Espírito Santo","Guarapari","Setiba.","-40.5110015869141","-20.6580009460449",NA,NA,NA,NA,"VIES013854","VIES013854","1992","09","24",NA,NA,"28401","auto",NA,NA,NA,NA
"21","2019-06-27 10:26:49-03","UFES","VIES","25466","S","Plantae",NA,NA,"Sapotaceae","Chrysophyllum","januariense","Chrysophyllum januariense","Eichler",NA,"Gomes, J.M.L.; Valadares, R.T.; Pimentel, L.","3636","2010","01","23",NA,"Brasil","Espírito Santo","Presidente Kennedy","Moita de Formação Arbustiva Aberta.","-41.0466995239258","-21.0988998413086",NA,NA,NA,NA,"VIES025466","VIES025466",NA,NA,NA,NA,NA,"24088","auto",NA,NA,NA,NA
"22","2019-06-27 10:26:49-03","UFES","VIES","23923","S","Plantae",NA,NA,"Sapotaceae","Chrysophyllum","januariense","Chrysophyllum januariense","Eichler",NA,"Sossai, B.G.; Freitas, J.; Souza, W.O.","85","2016","01","27",NA,"Brasil","Espírito Santo","Santa Tereza","Reserva Biológica Santa Lúcia, trilha do túmulo.","-40.6002998352051","-19.9356002807617",NA,NA,NA,NA,"VIES023923","VIES023923",NA,NA,NA,NA,NA,"23813","auto",NA,NA,NA,NA
"23","2020-04-27 16:11:38-03","UFES","VIES","13857","S","Plantae",NA,NA,"Sapotaceae","Chrysophyllum","januariense","Chrysophyllum januariense","Eichler","Pereira, O.J.","Pereira, O.J.","6226","2000","06","28",NA,"Brasil","Espírito Santo","Vila Velha","Reserva Ecológica de Jacarenema.","-40.2924995422363","-20.3297004699707","12","12",NA,NA,"VIES013857","VIES013857","2000","06","28",NA,NA,"27156","auto",NA,NA,NA,NA
"24","2020-04-27 16:11:38-03","UFES","VIES","17370","S","Plantae",NA,NA,"Sapotaceae","Chrysophyllum","januariense","Chrysophyllum januariense","Eichler","Gomes, J.M.L.","Gomes, J.M.L.","3158","2008","06","15",NA,"Brasil","Espírito Santo","Vitória","Camburi.","-40.3377990722656","-20.3194007873535",NA,NA,NA,NA,"VIES017370","VIES017370","2008","06","15",NA,NA,"15291","auto",NA,NA,NA,NA
"25","2019-12-19 16:37:04-03","UNESP-IBB","BOTUW","1179","PreservedSpecimen","Plantae",NA,NA,"Sapotaceae","Chrysophyllum","januariense","Chrysophyllum januariense","Eichler",NA,NA,NA,NA,NA,NA,NA,"Brasil","Espírito Santo",NA,"Comp. Vale do Rio Doce","-40.533333","-19.866667",NA,NA,NA,NA,"BOTUW001179",NA,NA,NA,NA,"40°32'W","19°52'S",NA,NA,NA,NA,NA,NA
"26","2020-12-21 16:44:48-03","MBM","MBM","105868","PreservedSpecimen","Plantae",NA,NA,"Sapotaceae","Chrysophyllum","januariense","Chrysophyllum januariense","Eichler","Pennington, T.D.","Sucre, D.","8655",NA,NA,NA,"Southern America","Brazil","Espírito Santo","Linhares","Reserva Florestal de Linhares","-40.0722007751465","-19.3910999298096",NA,NA,NA,NA,"MBM105868","MBM105868",NA,NA,NA,NA,NA,"48094","auto",NA,NA,NA,NA
"27","2015-09-26 04:15:29-03","MNHN","RECOLNAT_MNHN_P","P00649336","PreservedSpecimen",NA,NA,NA,"Sapotaceae","Chrysophyllum","januariense","Chrysophyllum januariense","Eichler",NA,"Glaziou, A.",NA,"1868","2","19",NA,"Brésil",NA,NA,"Province de Rio de Janeiro : Laranjeiras",NA,NA,NA,NA,"hb","Reçu le 21 mai 1881 <a href='http://coldb.mnhn.fr/catalognumber/mnhn/p/p00649336' target='other'> <mi>dwc_moreinfo</mi></a>","P00649336","P00649336_01 P00649336_02",NA,NA,NA,NA,NA,NA,NA,"isolectotype","2558",NA,NA
"28","2018-01-18 14:34:09-02","MNHN","RECOLNAT_MNHN_P","P00649337","PreservedSpecimen",NA,NA,NA,"Sapotaceae","Chrysophyllum","januariense","Chrysophyllum januariense","Eichler",NA,"Glaziou, A.",NA,"1868","2","19",NA,"Brésil",NA,NA,"Province de Rio de Janeiro : Laranjeiras",NA,NA,NA,NA,"hb","Donné par Mme Simard, sa fille, en 1907 <a href='http://coldb.mnhn.fr/catalognumber/mnhn/p/p00649337' target='other'> <mi>dwc_moreinfo</mi></a>","P00649337","P00649337_01",NA,NA,NA,NA,NA,NA,NA,"isolectotype","2558",NA,NA
"29","2015-09-26 01:13:26-03","MNHN","RECOLNAT_MNHN_P","P00649338","PreservedSpecimen",NA,NA,NA,"Sapotaceae","Chrysophyllum","januariense","Chrysophyllum januariense","Eichler",NA,"Glaziou, A.",NA,"1875","5","27",NA,"Brésil",NA,NA,"Rio de Janeiro : Cosme Velho au Corcovada",NA,NA,NA,NA,"hb","Donné par Mme Simard, sa fille, en 1907 <a href='http://coldb.mnhn.fr/catalognumber/mnhn/p/p00649338' target='other'> <mi>dwc_moreinfo</mi></a>","P00649338","P00649338_01 P00649338_02",NA,NA,NA,NA,NA,NA,NA,"lectoparatype","1055",NA,NA
"30","2015-09-26 04:16:11-03","MNHN","RECOLNAT_MNHN_P","P00649339","PreservedSpecimen",NA,NA,NA,"Sapotaceae","Chrysophyllum","januariense","Chrysophyllum januariense","Eichler",NA,"Glaziou, A.",NA,NA,NA,NA,NA,"Brésil",NA,NA,NA,NA,NA,NA,NA,"hb","<a href='http://coldb.mnhn.fr/catalognumber/mnhn/p/p00649339' target='other'> <mi>dwc_moreinfo</mi></a>","P00649339","P00649339_01",NA,NA,NA,NA,NA,NA,NA,"lectoparatype","1037",NA,NA
"31","2015-09-26 04:16:30-03","MNHN","RECOLNAT_MNHN_P","P00649340","PreservedSpecimen",NA,NA,NA,"Sapotaceae","Chrysophyllum","januariense","Chrysophyllum januariense","Eichler",NA,"Glaziou, A.",NA,"1875","5","27",NA,"Brésil",NA,NA,"Province de Rio de Janeiro : Laranjeiras",NA,NA,NA,NA,"hb","Donné par Mme Simard, sa fille, en 1907 <a href='http://coldb.mnhn.fr/catalognumber/mnhn/p/p00649340' target='other'> <mi>dwc_moreinfo</mi></a>","P00649340","P00649340_01",NA,NA,NA,NA,NA,NA,NA,"lectoparatype","8231",NA,NA
"32","2015-09-26 04:15:54-03","MNHN","RECOLNAT_MNHN_P","P00649341","PreservedSpecimen",NA,NA,NA,"Sapotaceae","Chrysophyllum","januariense","Chrysophyllum januariense","Eichler",NA,"Glaziou, A.",NA,"1875","5","27",NA,"Brésil",NA,NA,"Province de Rio de Janeiro : Laranjeiras",NA,NA,NA,NA,"hb","Reçu le 4 octobre 1876 <a href='http://coldb.mnhn.fr/catalognumber/mnhn/p/p00649341' target='other'> <mi>dwc_moreinfo</mi></a>","P00649341","P00649341_01",NA,NA,NA,NA,NA,NA,NA,"lectoparatype","8231",NA,NA
"33","2008-05-27 22:02:00-03","MO","MOBOT","3453537","PreservedSpecimen","Plantae",NA,NA,"Sapotaceae","Chrysophyllum","januariense","Chrysophyllum januariense","Eichler","T.D. Pennington","Dimitri Sucre","Sucre 8655","1972","3","12","South America","Brazil","Espírito Santo",NA,"Reserva Florestal de Linhares, Canto Grande, Zona 2, Talhao 203, Mun. de Linhares, Docemade.",NA,NA,"37.00000000",NA,NA,NA,NA,NA,NA,NA,NA,NA,NA,NA,NA,NA,NA,NA,NA
"34","2020-08-31 08:54:23-03","INPA","INPA","140097","S","Plantae","Dicotyledon Asterids","Ericales","Sapotaceae","Chrysophyllum","januariense","Chrysophyllum januariense","Eichler","Pennington, TD","Sucre, D","8655","1972","03","12","Southern America","Brasil","Espírito Santo","Linhares","Reserva Florestal de Linhares, canto Grande, Zona 2, Talhao 203. Docemade.","-40.0722007751465","-19.3910999298096","37","37",NA,NA,"INPA0140097","INPA0140097 INPA0140097_e","1985",NA,NA,NA,NA,"48094","auto",NA,NA,NA,NA
"35","2020-07-10 09:49:20-03","MBML","MBML-HERBARIO","19327",NA,"Plantae",NA,NA,"Sapotaceae","Chrysophyllum","januariense","Chrysophyllum januariense","Eichler","B.G. Sossai/08-08-2016","L. Kollmann; et al","5856","2002","12","17",NA,"Brasil","Espírito Santo","Santa Maria de Jetibá","Belém","-40.697222","-20.043333",NA,NA,NA,"Arbusto 3m. Botões verdes. Sépalas marrons.","MBML019327",NA,NA,NA,NA,"40W41'50","20S2'36",NA,NA,NA,NA,NA,NA
"36","2020-07-10 09:49:20-03","MBML","MBML-HERBARIO","26964",NA,"Plantae",NA,NA,"Sapotaceae","Chrysophyllum","januariense","Chrysophyllum januariense","Eichler","B.G. Sossai/15-08-2016","F. Z. Saiter","283","2006","06","15",NA,"Brasil","Espírito Santo","Santa Teresa","Estação Biológica de Santa Lúcia","-40.530278","-19.971389",NA,NA,NA,"Árvore c/ 9m alt., frutos imaturos, folhas pilosas, A3P6N171.","MBML026964",NA,NA,NA,NA,"40W31'49","19S58'17",NA,NA,NA,NA,NA,NA
"37","2020-07-10 09:49:20-03","MBML","MBML-HERBARIO","28051",NA,"Plantae",NA,NA,"Sapotaceae","Chrysophyllum","januariense","Chrysophyllum januariense","Eichler","B.G. Sossai/15-08-2016","F. Z. Saiter","18","2004","01","07",NA,"Brasil","Espírito Santo","Santa Teresa","Estação Biológica de Santa Lúcia","-40.530278","-19.971389",NA,NA,NA,"Árvore c/ 7m alt., DAP 25cm, c/ botões amarronzados e látex, A3P6N158","MBML028051",NA,NA,NA,NA,"40W31'49","19S58'17",NA,NA,NA,NA,NA,NA
"38","2020-07-10 09:49:20-03","MBML","MBML-HERBARIO","54177",NA,"Plantae",NA,NA,"Sapotaceae","Chrysophyllum","januariense","Chrysophyllum januariense","Eichler","J. Külkamp/01-08-2019","J. Külkamp; C.N. Fraga, P.M.L.A. Santos & P.H.A. Figueiredo","986","2019","07","18",NA,"Brasil","Espírito Santo","Governador Lindenberg","Pedra Santa Luzia. Beira da estrada que leva ao topo do morro","-40.463333","-19.282778","560","560",NA,"Altura 5m. Habitat: Interior da mata, solo profundo, pouca incidência de luz. Pouco frequente. Hábito/Forma de vida: Árvore com látex branco, ramos formando ângulo de 90 graus com o tronco, DAP ca 20cm, face abaxial das folhas e ramos","MBML054177",NA,NA,NA,NA,"40W27'48","19S16'58",NA,NA,NA,NA,NA,NA
"39","2021-02-25 10:11:50-03","CVRD","CVRD","13000","PreservedSpecimen","Plantae","Magnoliophyta","Ericales","Sapotaceae","Chrysophyllum","januariense","Chrysophyllum januariense","Eichler","Geovane S. Siqueira","Siqueira, G.S.","544","2010","04","14","América do Sul","BRASIL","ES","Linhares",NA,"-40.0722007751465","-19.3910999298096",NA,NA,NA,"Proximo a repressa do Guido Calimam. <ll>dwc_commonname:</ll> Bapeba veludo","CVRD013000",NA,"2010","04","14",NA,NA,"48094","auto",NA,NA,"Magnoliopsida",NA
"40","2021-02-25 10:11:50-03","CVRD","CVRD","16418","PreservedSpecimen","Plantae","Magnoliophyta","Ericales","Sapotaceae","Chrysophyllum","januariense","Chrysophyllum januariense","Eichler","Carnier, F.E.","Lima, D.F.","221","2011","04","17","América do Sul","BRASIL","ES","Linhares",NA,"-40.0722007751465","-19.3910999298096",NA,NA,NA,"Árvore; flores brancas; frutos verdes. <ll>dwc_commonname:</ll> Bapeba veludo","CVRD016418",NA,"2011","04","19","40,0602 W","19,1525 S","48094","auto",NA,NA,"Magnoliopsida",NA
"41","2021-02-25 10:11:50-03","CVRD","CVRD","5775","PreservedSpecimen","Plantae","Magnoliophyta","Ericales","Sapotaceae","Chrysophyllum","januariense","Chrysophyllum januariense","Eichler","Domingos A. Folli","Simonelli, M.","672","1997","11","03","América do Sul","BRASIL","ES","Linhares",NA,"-40.0722007751465","-19.3910999298096",NA,NA,NA,"<ll>dwc_commonname:</ll> Bapeba veludo","CVRD005775",NA,"2010","03","26",NA,NA,"48094","auto",NA,NA,"Magnoliopsida",NA
"42","2021-02-25 10:11:50-03","CVRD","CVRD","543","PreservedSpecimen","Plantae","Magnoliophyta","Ericales","Sapotaceae","Chrysophyllum","januariense","Chrysophyllum januariense","Eichler","Luis Cláudio Fabris","Folli, D.A.","198","1980","02","15","América do Sul","BRASIL","ES","Linhares","Próxima a um Jacarandá e Pau sangue","-40.0722007751465","-19.3910999298096",NA,NA,NA,"<ll>dwc_commonname:</ll> Bapeba veludo","CVRD000543","CVRD000543","2010","03","26",NA,NA,"48094","auto",NA,NA,"Magnoliopsida",NA
"43","2019-10-07 09:12:53-03","UEFS","HUEFS","198725","PreservedSpecimen","Plantae","Angiospermae","Ericales","Sapotaceae","Chrysophyllum","januariense","Chrysophyllum januariense","Eichler","A.Alves-Araújo","Popovkin, A.V.","1495","2013","07","24",NA,"Brasil","Bahia","Entre Rios","Algodão.","-37.966667","-12.166667",NA,NA,NA,"Atlantic Forest.","HUEFS0198725","HUEFS0198725","2015","02",NA,"37W58'","12S10'",NA,NA,NA,NA,"Asteranae",NA
"44","2020-07-10 11:20:40-03","UEFS","HUEFS","144550","PreservedSpecimen","Plantae","Angiospermae","Ericales","Sapotaceae","Chrysophyllum","januariense","Chrysophyllum januariense","Eichler","A.Alves-Araújo","Jesus, N.G.","262","1998","01","07",NA,"Brasil","Bahia","Entre Rios","RPPN Fazenda Lontra / Saudade.","-40.215556","-12.915278","120","150",NA,"Floresta subperenifólia.","HUEFS0144550","HUEFS0144550 HUEFS0144550_e1","2015","02",NA,"40W12'56''","12S54'55''",NA,NA,NA,NA,"Asteranae",NA
"45","2019-10-07 09:12:53-03","UEFS","HUEFS","54780","PreservedSpecimen","Plantae","Angiospermae","Ericales","Sapotaceae","Chrysophyllum","januariense","Chrysophyllum januariense","Eichler","A.Alves-Araújo","Jesus, N.G.","262","1998","01","07",NA,"Brasil","Bahia","Entre Rios","RPPN Fazenda Lontra/ Saudade.","-40.215556","-12.915278","120","150",NA,"Floreta subperenifolia.","HUEFS0054780","HUEFS0054780","2015","02",NA,"40W12'56''","12S54'55''",NA,NA,NA,NA,"Asteranae",NA
"46","2019-10-07 09:12:53-03","UEFS","HUEFS","193874","PreservedSpecimen","Plantae","Angiospermae","Ericales","Sapotaceae","Chrysophyllum","januariense","Chrysophyllum januariense","Eichler",NA,"Lima, D.F.","221","2011","04","17",NA,"Brasil","Espírito Santo","Linhares","Reserva Natural da Vale. Trilha do Roxinho. Floresta de Tabuleiro.","-40","-19",NA,NA,NA,NA,"HUEFS0193874","HUEFS0193874",NA,NA,NA,"40W","19S",NA,NA,NA,NA,"Asteranae",NA
"47","2019-10-07 09:12:53-03","UEFS","HUEFS","198714","PreservedSpecimen","Plantae","Angiospermae","Ericales","Sapotaceae","Chrysophyllum","januariense","Chrysophyllum januariense","Eichler","A.Alves-Araújo","Popovkin, A.V.","1484","2013","07","10",NA,"Brasil","Bahia","Entre Rios","Algodão.","-37.966667","-12.166667",NA,NA,NA,"Atlantic Forest.","HUEFS0198714","HUEFS0198714","2015","02",NA,"37W58'","12S10'",NA,NA,NA,NA,"Asteranae",NA
"48","2019-10-07 09:12:53-03","UEFS","HUEFS","198729","PreservedSpecimen","Plantae","Angiospermae","Ericales","Sapotaceae","Chrysophyllum","januariense","Chrysophyllum januariense","Eichler","A.Alves-Araújo","Popovkin, A.V.","1499","2013","07","31",NA,"Brasil","Bahia","Entre Rios","Algodão.","-37.966667","-12.166667",NA,NA,NA,"Atlantic Forest.","HUEFS0198729","HUEFS0198729","2015","02",NA,"37W58'","12S10'",NA,NA,NA,NA,"Asteranae",NA
"49","2019-10-07 09:12:53-03","UEFS","HUEFS","208261","PreservedSpecimen","Plantae","Angiospermae","Ericales","Sapotaceae","Chrysophyllum","januariense","Chrysophyllum januariense","Eichler","A.Alves-Araújo","Popovkin, A.V.","1757",NA,NA,NA,NA,"Brasil","Bahia","Entre Rios","Algodão.","-37.966667","-12.166667","100","100",NA,NA,"HUEFS0208261","HUEFS0208261","2015","02",NA,"37W58'0''","12S10'",NA,NA,NA,NA,"Asteranae",NA
"50","2019-10-07 09:12:53-03","UEFS","HUEFS","231932","PreservedSpecimen","Plantae","Angiospermae","Ericales","Sapotaceae","Chrysophyllum","januariense","Chrysophyllum januariense","Eichler",NA,"Gaui, T.D.","300","2015","08","26",NA,"Brasil","Rio de Janeiro","Saquarema","conglomerado 7-3-3-41.","-42.5102996826172","-22.9200000762939",NA,NA,NA,"Vegetação de Restinga Arbustiva.","HUEFS0231932","HUEFS0231932",NA,NA,NA,NA,NA,"17036","auto",NA,NA,"Asteranae",NA
"51","2019-09-04 18:25:49-03","F","FMNH-SEEDPLANTS",NA,"PreservedSpecimen","Plantae","Spermatophyta",NA,"Sapotaceae","Chrysophyllum","januariense","Chrysophyllum januariense",NA,NA,"A. Glaziou","8231",NA,NA,NA,"South America","Brazil",NA,NA,NA,"-52.8731","-10.8339",NA,NA,NA,NA,NA,NA,NA,NA,NA,NA,NA,NA,NA,NA,NA,"Dicotyledoneae",NA
"52","2020-07-23 12:22:19-03","CEPLAC","CEPEC","101675","PreservedSpecimen","Plantae",NA,NA,"Sapotaceae","Chrysophyllum","januariense","Chrysophyllum januariense",NA,"R. C. S. L. Santos","N. G. Jesus","1105","2000","01","16",NA,"Brasil","Bahia","entre rios","RPPN Fazenda Lontra/Saudade.","-40.215556","-12.915278",NA,NA,NA,NA,NA,NA,NA,NA,NA,"40W12'56","12S54'55",NA,NA,NA,NA,NA,"06/10/2014"
"53","2020-07-23 12:22:19-03","CEPLAC","CEPEC","76613","PreservedSpecimen","Plantae",NA,NA,"Sapotaceae","Chrysophyllum","januariense","Chrysophyllum januariense",NA,"T. D. Pennington","J. G. Jardim","1239","1998","01","15",NA,"Brasil","Bahia","ALMADINA","Rod. Almadina/Ibitupã, entrada ca. 5Km ao W da sede do municipio. Faz. Cruzeiro do Sul. Serra dos Sete Paus, ca. 8Kmda entrada. Inventário Florestal e Fitossociologico.","-39.696111","-14.735",NA,NA,NA,"<ll>dwc_commonname:</ll> Inquirri",NA,NA,NA,NA,NA,"39W41'46","14S44'6",NA,NA,NA,NA,NA,"30/12/1998"
"54","2020-07-23 12:22:19-03","CEPLAC","CEPEC","38390","PreservedSpecimen","Plantae",NA,NA,"Sapotaceae","Chrysophyllum","januariense","Chrysophyllum januariense",NA,"T. D. Pennington","D. Sucre","8655","1972","03","12",NA,"Brasil","Espírito Santo","LINHARES","Reserva Florestal. Canto Grande, Zona 2, Talhao 203. Docemade.","-40.0722007751465","-19.3910999298096",NA,NA,NA,NA,NA,NA,NA,NA,NA,NA,NA,"48094","auto",NA,NA,NA,"30/12/1985"
"55","2021-01-04 10:58:51-03","UnB","UB",NA,"PreservedSpecimen","Plantae","Dicotyledoneae",NA,"Sapotaceae","Chrysophyllum","januariense","Chrysophyllum januariense","Eichler","Pessoa, C","Marinho, MAO","IFN-2335703.1","2018","05","24","Southern America","Brasil","Maranhão","Anapurus",NA,"-43.020003","-3.599981","91","91",NA,"Conglomerado MA-233. Subunidade 3. Subparcela 1. indivíduo 5. F8; Arbusto; base reta; Cerrado sensu stricto, relevo plano, solo argiloso",NA,NA,"2020","05","20","-43.020003","-3.599981",NA,NA,NA,NA,NA,NA
"56","2021-03-05 16:10:09-03","MN","R-TIPOS","12021","PreservedSpecimen","Plantae",NA,NA,"Sapotaceae","Chrysophyllum","januariense","Chrysophyllum januariense","Eichler","Cronquist, A.","Glaziou, A.F.M.","2558","1869","02","19",NA,"Brasil","Rio de Janeiro","Rio de Janeiro","Laranjeiras a Cosme Velho","-43.2075004577637","-22.9027996063232",NA,NA,NA,NA,"R000012021","R000012021_001","1946",NA,NA,NA,NA,"57442","auto","Isolectotypus de Chrysophyllum januariense Eichler",NA,NA,NA
